Loading dataset from 'bracket_sequences.txt'...
Dataset loaded with 900 data points.

Starting optimization using Gradient Descent...
1 0.958889
2 0.958889
3 0.956667
4 0.936667
5 0.821111
6 0.597778
7 0.427778
8 0.224444
9 0.135556
10 0.098889
11 0.063333
12 0.053333
13 0.053333
14 0.044444
15 0.042222
16 0.042222
17 0.042222
18 0.042222
19 0.041111
20 0.041111
21 0.041111
22 0.041111
23 0.041111
24 0.041111
25 0.041111
26 0.041111
27 0.041111
28 0.041111
29 0.041111
30 0.041111
31 0.041111
32 0.041111
33 0.041111
34 0.041111
35 0.041111
36 0.041111
37 0.041111
38 0.041111
39 0.041111
40 0.041111
41 0.041111
42 0.041111
43 0.041111
44 0.041111
45 0.041111
46 0.041111
47 0.041111
48 0.041111
49 0.041111
50 0.041111
51 0.041111
52 0.041111
53 0.041111
54 0.041111
55 0.041111
56 0.041111
57 0.041111
58 0.041111
59 0.041111
60 0.041111
61 0.041111
62 0.041111
63 0.041111
64 0.041111
65 0.041111
66 0.041111
67 0.041111
68 0.041111
69 0.041111
70 0.041111
71 0.041111
72 0.041111
73 0.041111
74 0.041111
75 0.041111
76 0.041111
77 0.041111
78 0.041111
79 0.041111
80 0.041111
81 0.041111
82 0.041111
83 0.041111
84 0.041111
85 0.041111
86 0.041111
87 0.041111
88 0.041111
89 0.041111
90 0.041111
91 0.041111
92 0.041111
93 0.041111
94 0.041111
95 0.041111
96 0.041111
97 0.041111
98 0.041111
99 0.041111
100 0.041111
101 0.041111
102 0.041111
103 0.041111
104 0.041111
105 0.042222
106 0.043333
107 0.043333
108 0.045556
109 0.048889
110 0.050000
111 0.052222
112 0.054444
113 0.055556
114 0.055556
115 0.055556
116 0.053333
117 0.054444
118 0.057778
119 0.061111
120 0.064444
121 0.068889
122 0.070000
123 0.072222
124 0.070000
125 0.070000
126 0.070000
127 0.067778
128 0.065556
129 0.064444
130 0.063333
131 0.060000
132 0.060000
133 0.060000
134 0.057778
135 0.056667
136 0.056667
137 0.056667
138 0.055556
139 0.054444
140 0.054444
141 0.055556
142 0.054444
143 0.054444
144 0.053333
145 0.053333
146 0.052222
147 0.052222
148 0.051111
149 0.054444
150 0.055556
151 0.057778
152 0.057778
153 0.057778
154 0.056667
155 0.058889
156 0.058889
157 0.058889
158 0.057778
159 0.057778
160 0.057778
161 0.057778
162 0.057778
163 0.057778
164 0.054444
165 0.056667
166 0.056667
167 0.055556
168 0.055556
169 0.056667
170 0.056667
171 0.056667
172 0.056667
173 0.056667
174 0.055556
175 0.054444
176 0.053333
177 0.053333
178 0.050000
179 0.050000
180 0.048889
181 0.047778
182 0.048889
183 0.048889
184 0.048889
185 0.047778
186 0.046667
187 0.045556
188 0.046667
189 0.044444
190 0.042222
191 0.040000
192 0.037778
193 0.035556
194 0.035556
195 0.034444
196 0.035556
197 0.032222
198 0.032222
199 0.032222
200 0.033333
201 0.034444
202 0.036667
203 0.037778
204 0.037778
205 0.038889
206 0.036667
207 0.036667
208 0.036667
209 0.036667
210 0.035556
211 0.036667
212 0.037778
213 0.038889
214 0.037778
215 0.036667
216 0.036667
217 0.034444
218 0.035556
219 0.035556
220 0.035556
221 0.034444
222 0.032222
223 0.032222
224 0.033333
225 0.033333
226 0.033333
227 0.032222
228 0.033333
229 0.032222
230 0.033333
231 0.033333
232 0.032222
233 0.032222
234 0.032222
235 0.033333
236 0.033333
237 0.034444
238 0.034444
239 0.031111
240 0.028889
241 0.026667
242 0.027778
243 0.027778
244 0.030000
245 0.032222
246 0.027778
247 0.026667
248 0.025556
249 0.025556
250 0.025556
251 0.025556
252 0.027778
253 0.026667
254 0.026667
255 0.025556
256 0.023333
257 0.023333
258 0.023333
259 0.021111
260 0.020000
261 0.022222
262 0.024444
263 0.022222
264 0.020000
265 0.023333
266 0.022222
267 0.022222
268 0.020000
269 0.022222
270 0.022222
271 0.023333
272 0.022222
273 0.020000
274 0.024444
275 0.024444
276 0.023333
277 0.021111
278 0.023333
279 0.023333
280 0.022222
281 0.020000
282 0.018889
283 0.017778
284 0.018889
285 0.014444
286 0.015556
287 0.016667
288 0.017778
289 0.016667
290 0.017778
291 0.015556
292 0.015556
293 0.018889
294 0.017778
295 0.016667
296 0.014444
297 0.015556
298 0.013333
299 0.014444
300 0.013333
301 0.012222
302 0.015556
303 0.010000
304 0.010000
305 0.010000
306 0.008889
307 0.014444
308 0.013333
309 0.012222
310 0.011111
311 0.012222
312 0.011111
313 0.008889
314 0.007778
315 0.011111
316 0.012222
317 0.012222
318 0.015556
319 0.012222
320 0.012222
321 0.014444
322 0.013333
323 0.008889
324 0.011111
325 0.011111
326 0.012222
327 0.008889
328 0.008889
329 0.011111
330 0.012222
331 0.014444
332 0.010000
333 0.011111
334 0.011111
335 0.007778
336 0.008889
337 0.012222
338 0.005556
339 0.008889
340 0.007778
341 0.005556
342 0.008889
343 0.007778
344 0.007778
345 0.008889
346 0.010000
347 0.008889
348 0.008889
349 0.010000
350 0.010000
351 0.007778
352 0.007778
353 0.008889
354 0.011111
355 0.014444
356 0.008889
357 0.008889
358 0.013333
359 0.004444
360 0.004444
361 0.004444
362 0.006667
363 0.007778
364 0.008889
365 0.007778
366 0.006667
367 0.010000
368 0.010000
369 0.012222
370 0.010000
371 0.007778
372 0.006667
373 0.010000
374 0.012222
375 0.010000
376 0.011111
377 0.007778
378 0.011111
379 0.010000
380 0.008889
381 0.010000
382 0.010000
383 0.010000
384 0.004444
385 0.008889
386 0.008889
387 0.010000
388 0.007778
389 0.006667
390 0.007778
391 0.006667
392 0.004444
393 0.006667
394 0.006667
395 0.008889
396 0.007778
397 0.012222
398 0.008889
399 0.007778
400 0.005556
401 0.007778
402 0.006667
403 0.007778
404 0.010000
405 0.012222
406 0.008889
407 0.007778
408 0.006667
409 0.005556
410 0.011111
411 0.006667
412 0.005556
413 0.010000
414 0.006667
415 0.005556
416 0.004444
417 0.002222
418 0.006667
419 0.006667
420 0.003333
421 0.003333
422 0.004444
423 0.007778
424 0.006667
425 0.006667
426 0.004444
427 0.004444
428 0.005556
429 0.007778
430 0.004444
431 0.003333
432 0.008889
433 0.003333
434 0.004444
435 0.002222
436 0.003333
437 0.003333
438 0.002222
439 0.002222
440 0.002222
441 0.002222
442 0.002222
443 0.003333
444 0.004444
445 0.005556
446 0.001111
447 0.001111
448 0.001111
449 0.003333
450 0.002222
451 0.004444
452 0.004444
453 0.003333
454 0.002222
455 0.001111
456 0.003333
457 0.004444
458 0.004444
459 0.001111
460 0.002222
461 0.001111
462 0.002222
463 0.002222
464 0.003333
465 0.002222
466 0.002222
467 0.002222
468 0.004444
469 0.002222
470 0.002222
471 0.003333
472 0.001111
473 0.003333
474 0.003333
475 0.002222
476 0.002222
477 0.002222
478 0.002222
479 0.002222
480 0.001111
481 0.004444
482 0.005556
483 0.003333
484 0.003333
485 0.003333
486 0.003333
487 0.003333
488 0.005556
489 0.002222
490 0.001111
491 0.001111
492 0.002222
493 0.001111
494 0.001111
495 0.003333
496 0.002222
497 0.001111
498 0.004444
499 0.004444
500 0.004444
501 0.004444
502 0.003333
503 0.005556
504 0.005556
505 0.002222
506 0.002222
507 0.002222
508 0.002222
509 0.001111
510 0.001111
511 0.001111
512 0.002222
513 0.003333
514 0.004444
515 0.003333
516 0.002222
517 0.002222
518 0.002222
519 0.004444
520 0.004444
521 0.001111
522 0.003333
523 0.001111
524 0.002222
525 0.003333
526 0.001111
527 0.001111
528 0.001111
529 0.000000
530 0.000000
531 0.002222
532 0.001111
533 0.001111
534 0.001111
535 0.001111
536 0.000000
537 0.000000
538 0.001111
539 0.001111
540 0.000000
541 0.000000
542 0.000000
543 0.000000
544 0.000000
545 0.000000
546 0.001111
547 0.001111
548 0.000000
549 0.000000
550 0.000000
551 0.001111
552 0.000000
553 0.001111
554 0.000000
555 0.000000
556 0.000000
557 0.000000
558 0.000000
559 0.000000
560 0.000000
561 0.000000
562 0.000000
563 0.000000
564 0.000000
565 0.000000
566 0.000000
567 0.000000
568 0.000000
569 0.000000
570 0.000000
571 0.000000
572 0.000000
573 0.000000
574 0.000000
575 0.000000
576 0.000000
577 0.000000
578 0.000000
579 0.000000
580 0.000000
581 0.000000
582 0.000000
583 0.000000
584 0.000000
585 0.000000
586 0.000000
587 0.000000
588 0.000000
589 0.000000
590 0.000000
591 0.000000
592 0.000000
593 0.000000
594 0.000000
595 0.000000
596 0.000000
597 0.000000
598 0.000000
599 0.000000
600 0.000000
601 0.000000
602 0.000000
603 0.000000
604 0.000000
605 0.000000
606 0.000000
607 0.000000
608 0.000000
609 0.000000
610 0.000000
611 0.000000
612 0.000000
613 0.000000
614 0.000000
615 0.000000
616 0.000000
617 0.000000
618 0.000000
619 0.000000
620 0.000000
621 0.000000
622 0.000000
623 0.000000
624 0.000000
625 0.000000
626 0.000000
627 0.000000
628 0.000000
629 0.000000
630 0.000000
631 0.000000
632 0.000000
633 0.000000
634 0.000000
635 0.000000
636 0.000000
637 0.000000
638 0.000000
639 0.000000
640 0.000000
641 0.000000
642 0.000000
643 0.000000
644 0.000000
645 0.000000
646 0.000000
647 0.000000
648 0.000000
649 0.000000
650 0.000000
651 0.000000
652 0.000000
653 0.000000
654 0.000000
655 0.000000
656 0.000000
657 0.000000
658 0.000000
659 0.000000
660 0.000000
661 0.000000
662 0.000000
663 0.000000
664 0.000000
665 0.000000
666 0.000000
667 0.000000
668 0.000000
669 0.000000
670 0.000000
671 0.000000
672 0.000000
673 0.000000
674 0.000000
675 0.000000
676 0.000000
677 0.000000
678 0.000000
679 0.000000
680 0.000000
681 0.000000
682 0.000000
683 0.000000
684 0.000000
685 0.000000
686 0.000000
687 0.000000
688 0.000000
689 0.000000
690 0.000000
691 0.000000
692 0.000000
693 0.000000
694 0.000000
695 0.000000
696 0.000000
697 0.000000
698 0.000000
699 0.000000
700 0.000000
701 0.000000
702 0.000000
703 0.000000
704 0.000000
705 0.000000
706 0.000000
707 0.000000
708 0.000000
709 0.000000
710 0.000000
711 0.000000
712 0.000000
713 0.000000
714 0.000000
715 0.000000
716 0.000000
717 0.000000
718 0.000000
719 0.000000
720 0.000000
721 0.000000
722 0.000000
723 0.000000
724 0.000000
725 0.000000
726 0.000000
727 0.000000
728 0.000000
729 0.000000
730 0.000000
731 0.000000
732 0.000000
733 0.000000
734 0.000000
735 0.000000
736 0.000000
737 0.000000
738 0.000000
739 0.000000
740 0.000000
741 0.000000
742 0.000000
743 0.000000
744 0.000000
745 0.000000
746 0.000000
747 0.000000
748 0.000000
749 0.000000
750 0.000000
751 0.000000
752 0.000000
753 0.000000
754 0.000000
755 0.000000
756 0.000000
757 0.000000
758 0.000000
759 0.000000
760 0.000000
761 0.000000
762 0.000000
763 0.000000
764 0.000000
765 0.000000
766 0.000000
767 0.000000
768 0.000000
769 0.000000
770 0.000000
771 0.000000
772 0.000000
773 0.000000
774 0.000000
775 0.000000
776 0.000000
777 0.000000
778 0.000000
779 0.000000
780 0.000000
781 0.000000
782 0.000000
783 0.000000
784 0.000000
785 0.000000
786 0.000000
787 0.000000
788 0.000000
789 0.000000
790 0.000000
791 0.000000
792 0.000000
793 0.000000
794 0.000000
795 0.000000
796 0.000000
797 0.000000
798 0.000000
799 0.000000
800 0.000000
801 0.000000
802 0.000000
803 0.000000
804 0.000000
805 0.000000
806 0.000000
807 0.000000
808 0.000000
809 0.000000
810 0.000000
811 0.000000
812 0.000000
813 0.000000
814 0.000000
815 0.000000
816 0.000000
817 0.000000
818 0.000000
819 0.000000
820 0.000000
821 0.000000
822 0.000000
823 0.000000
824 0.000000
825 0.000000
826 0.000000
827 0.000000
828 0.000000
829 0.000000
830 0.000000
831 0.000000
832 0.000000
833 0.000000
834 0.000000
835 0.000000
836 0.000000
837 0.000000
838 0.000000
839 0.000000
840 0.000000
841 0.000000
842 0.000000
843 0.000000
844 0.000000
845 0.000000
846 0.000000
847 0.000000
848 0.000000
849 0.000000
850 0.000000
851 0.000000
852 0.000000
853 0.000000
854 0.000000
855 0.000000
856 0.000000
857 0.000000
858 0.000000
859 0.000000
860 0.000000
861 0.000000
862 0.000000
863 0.000000
864 0.000000
865 0.000000
866 0.000000
867 0.000000
868 0.000000
869 0.000000
870 0.000000
871 0.000000
872 0.000000
873 0.000000
874 0.000000
875 0.000000
876 0.000000
877 0.000000
878 0.000000
879 0.000000
880 0.000000
881 0.000000
882 0.000000
883 0.000000
884 0.000000
885 0.000000
886 0.000000
887 0.000000
888 0.000000
889 0.000000
890 0.000000
891 0.000000
892 0.000000
893 0.000000
894 0.000000
895 0.000000
896 0.000000
897 0.000000
898 0.000000
899 0.000000
900 0.000000
901 0.000000
902 0.000000
903 0.000000
904 0.000000
905 0.000000
906 0.000000
907 0.000000
908 0.000000
909 0.000000
910 0.000000
911 0.000000
912 0.000000
913 0.000000
914 0.000000
915 0.000000
916 0.000000
917 0.000000
918 0.000000
919 0.000000
920 0.000000
921 0.000000
922 0.000000
923 0.000000
924 0.000000
925 0.000000
926 0.000000
927 0.000000
928 0.000000
929 0.000000
930 0.000000
931 0.000000
932 0.000000
933 0.000000
934 0.000000
935 0.000000
936 0.000000
937 0.000000
938 0.000000
939 0.000000
940 0.000000
941 0.000000
942 0.000000
943 0.000000
944 0.000000
945 0.000000
946 0.000000
947 0.000000
948 0.000000
949 0.000000
950 0.000000
951 0.000000
952 0.000000
953 0.000000
954 0.000000
955 0.000000
956 0.000000
957 0.000000
958 0.000000
959 0.000000
960 0.000000
961 0.000000
962 0.000000
963 0.000000
964 0.000000
965 0.000000
966 0.000000
967 0.000000
968 0.000000
969 0.000000
970 0.000000
971 0.000000
972 0.000000
973 0.000000
974 0.000000
975 0.000000
976 0.000000
977 0.000000
978 0.000000
979 0.000000
980 0.000000
981 0.000000
982 0.000000
983 0.000000
984 0.000000
985 0.000000
986 0.000000
987 0.000000
988 0.000000
989 0.000000
990 0.000000
991 0.000000
992 0.000000
993 0.000000
994 0.000000
995 0.000000
996 0.000000
997 0.000000
998 0.000000
999 0.000000
1000 0.000000

Optimization finished.
Final MSE on dataset: 0.008889
