Loading dataset from 'bracket_sequences.txt'...
Dataset loaded with 3003 data points.

Starting optimization using Gradient Descent...
1 0.876790 0.862471
2 0.876790 0.862471
3 0.876790 0.862471
4 0.876790 0.862471
5 0.876790 0.862471
6 0.876790 0.862471
7 0.876790 0.862471
8 0.876790 0.862471
9 0.876790 0.862471
10 0.876790 0.862471
11 0.876790 0.862471
12 0.876457 0.862471
13 0.835390 0.846154
14 0.408568 0.480186
15 0.095898 0.104895
16 0.122174 0.137529
17 0.123210 0.137529
18 0.123210 0.137529
19 0.123210 0.137529
20 0.123210 0.137529
21 0.123210 0.137529
22 0.123210 0.137529
23 0.123210 0.137529
24 0.123210 0.137529
25 0.123210 0.137529
26 0.123210 0.137529
27 0.123210 0.137529
28 0.123210 0.137529
29 0.123210 0.137529
30 0.123210 0.137529
31 0.123210 0.137529
32 0.123210 0.137529
33 0.123210 0.137529
34 0.123210 0.137529
35 0.123210 0.137529
36 0.123210 0.137529
37 0.123210 0.137529
38 0.123210 0.137529
39 0.123210 0.137529
40 0.123210 0.137529
41 0.123210 0.137529
42 0.123210 0.137529
43 0.122577 0.137529
44 0.120364 0.137529
45 0.117327 0.135198
46 0.115051 0.128205
47 0.109505 0.121212
48 0.104141 0.114219
49 0.096171 0.107226
50 0.087146 0.097902
51 0.076381 0.086247
52 0.064776 0.079254
53 0.052455 0.072261
54 0.040910 0.067599
55 0.032358 0.055944
56 0.026078 0.041958
57 0.019400 0.032634
58 0.014772 0.025641
59 0.014278 0.027972
60 0.014194 0.023310
61 0.015329 0.030303
62 0.018516 0.032634
63 0.021551 0.030303
64 0.024287 0.030303
65 0.027150 0.032634
66 0.029748 0.037296
67 0.031317 0.034965
68 0.032390 0.039627
69 0.033026 0.039627
70 0.033265 0.037296
71 0.033173 0.037296
72 0.032796 0.037296
73 0.032017 0.034965
74 0.030638 0.034965
75 0.028829 0.034965
76 0.026770 0.034965
77 0.024718 0.037296
78 0.022882 0.032634
79 0.020779 0.027972
80 0.018706 0.027972
81 0.017025 0.027972
82 0.015476 0.027972
83 0.014106 0.027972
84 0.012765 0.030303
85 0.011728 0.030303
86 0.011201 0.027972
87 0.010386 0.027972
88 0.009196 0.025641
89 0.008285 0.025641
90 0.007899 0.025641
91 0.007736 0.025641
92 0.007548 0.025641
93 0.007347 0.023310
94 0.007203 0.023310
95 0.007018 0.023310
96 0.006974 0.023310
97 0.006853 0.023310
98 0.006734 0.023310
99 0.006613 0.020979
100 0.006537 0.020979
101 0.006478 0.020979
102 0.006449 0.018648
103 0.006431 0.018648
104 0.006412 0.018648
105 0.006385 0.018648
106 0.006346 0.018648
107 0.006294 0.018648
108 0.006226 0.018648
109 0.006116 0.018648
110 0.005976 0.018648
111 0.005817 0.018648
112 0.005624 0.018648
113 0.005435 0.018648
114 0.005221 0.018648
115 0.004959 0.018648
116 0.004721 0.018648
117 0.004510 0.018648
118 0.004319 0.018648
119 0.004153 0.018648
120 0.004014 0.018648
121 0.003903 0.018648
122 0.003815 0.018648
123 0.003748 0.018648
124 0.003698 0.018648
125 0.003661 0.020979
126 0.003634 0.020979
127 0.003614 0.020979
128 0.003599 0.020979
129 0.003588 0.020979
130 0.003579 0.020979
131 0.003541 0.020979
132 0.003483 0.020979
133 0.003400 0.020979
134 0.003321 0.020979
135 0.003247 0.020979
136 0.003178 0.020979
137 0.003113 0.020979
138 0.003042 0.020979
139 0.002961 0.020979
140 0.002885 0.020979
141 0.002804 0.020979
142 0.002722 0.020979
143 0.002645 0.020979
144 0.002573 0.020979
145 0.002505 0.020979
146 0.002442 0.020979
147 0.002384 0.020979
148 0.002324 0.020979
149 0.002250 0.020979
150 0.002181 0.020979
151 0.002117 0.023310
152 0.002057 0.023310
153 0.002002 0.023310
154 0.001951 0.023310
155 0.001903 0.023310
156 0.001860 0.023310
157 0.001820 0.023310
158 0.001783 0.023310
159 0.001749 0.023310
160 0.001719 0.023310
161 0.001691 0.023310
162 0.001666 0.023310
163 0.001643 0.023310
164 0.001622 0.023310
165 0.001587 0.023310
166 0.001552 0.023310
167 0.001519 0.023310
168 0.001476 0.023310
169 0.001428 0.023310
170 0.001383 0.023310
171 0.001341 0.023310
172 0.001290 0.023310
173 0.001236 0.023310
174 0.001184 0.023310
175 0.001135 0.023310
176 0.001089 0.023310
177 0.001045 0.023310
178 0.001003 0.023310
179 0.000964 0.023310
180 0.000927 0.023310
181 0.000878 0.023310
182 0.000825 0.023310
183 0.000776 0.023310
184 0.000728 0.023310
185 0.000683 0.023310
186 0.000641 0.023310
187 0.000601 0.023310
188 0.000563 0.023310
189 0.000527 0.023310
190 0.000493 0.023310
191 0.000461 0.023310
192 0.000431 0.023310
193 0.000403 0.023310
194 0.000377 0.023310
195 0.000352 0.023310
196 0.000329 0.023310
197 0.000307 0.023310
198 0.000287 0.023310
199 0.000267 0.023310
200 0.000250 0.023310
201 0.000233 0.023310
202 0.000218 0.023310
203 0.000203 0.023310
204 0.000190 0.023310
205 0.000177 0.023310
206 0.000165 0.023310
207 0.000154 0.023310
208 0.000144 0.023310
209 0.000135 0.023310
210 0.000126 0.023310
211 0.000118 0.023310
212 0.000110 0.023310
213 0.000103 0.023310
214 0.000096 0.023310
215 0.000090 0.023310
216 0.000084 0.023310
217 0.000079 0.023310
218 0.000074 0.023310
219 0.000069 0.023310
220 0.000064 0.023310
221 0.000060 0.023310
222 0.000057 0.023310
223 0.000053 0.023310
224 0.000050 0.023310
225 0.000047 0.023310
226 0.000044 0.023310
227 0.000041 0.023310
228 0.000038 0.023310
229 0.000036 0.023310
230 0.000034 0.023310
231 0.000032 0.023310
232 0.000030 0.023310
233 0.000028 0.023310
234 0.000026 0.023310
235 0.000025 0.023310
236 0.000023 0.023310
237 0.000022 0.023310
238 0.000021 0.023310
239 0.000019 0.023310
240 0.000018 0.023310
241 0.000017 0.023310
242 0.000016 0.023310
243 0.000015 0.023310
244 0.000014 0.023310
245 0.000014 0.023310
246 0.000013 0.023310
247 0.000012 0.023310
248 0.000011 0.023310
249 0.000011 0.023310
250 0.000010 0.023310
251 0.000010 0.023310
252 0.000009 0.023310
253 0.000008 0.023310
254 0.000008 0.023310
255 0.000008 0.023310
256 0.000007 0.023310
257 0.000007 0.023310
258 0.000006 0.023310
259 0.000006 0.023310
260 0.000006 0.023310
261 0.000005 0.023310
262 0.000005 0.023310
263 0.000005 0.023310
264 0.000005 0.023310
265 0.000004 0.023310
266 0.000004 0.023310
267 0.000004 0.023310
268 0.000004 0.023310
269 0.000003 0.023310
270 0.000003 0.023310
271 0.000003 0.023310
272 0.000003 0.023310
273 0.000003 0.023310
274 0.000003 0.023310
275 0.000002 0.023310
276 0.000002 0.023310
277 0.000002 0.023310
278 0.000002 0.023310
279 0.000002 0.023310
280 0.000002 0.023310
281 0.000002 0.023310
282 0.000002 0.023310
283 0.000002 0.023310
284 0.000001 0.023310
285 0.000001 0.023310
286 0.000001 0.023310
287 0.000001 0.023310
288 0.000001 0.023310
289 0.000001 0.023310
290 0.000001 0.023310
291 0.000001 0.023310
292 0.000001 0.023310
293 0.000001 0.023310
294 0.000001 0.023310
295 0.000001 0.023310
296 0.000001 0.023310
297 0.000001 0.023310
298 0.000001 0.023310
299 0.000001 0.023310
300 0.000001 0.023310
301 0.000001 0.023310
302 0.000001 0.023310
303 0.000001 0.023310
304 0.000001 0.023310
305 0.000000 0.023310
306 0.000000 0.023310
307 0.000000 0.023310
308 0.000000 0.023310
309 0.000000 0.023310
310 0.000000 0.023310
311 0.000000 0.023310
312 0.000000 0.023310
313 0.000000 0.023310
314 0.000000 0.023310
315 0.000000 0.023310
316 0.000000 0.023310
317 0.000000 0.023310
318 0.000000 0.023310
319 0.000000 0.023310
320 0.000000 0.023310
321 0.000000 0.023310
322 0.000000 0.023310
323 0.000000 0.023310
324 0.000000 0.023310
325 0.000000 0.023310
326 0.000000 0.023310
327 0.000000 0.023310
328 0.000000 0.023310
329 0.000000 0.023310
330 0.000000 0.023310
331 0.000000 0.023310
332 0.000000 0.023310
333 0.000000 0.023310
334 0.000000 0.023310
335 0.000000 0.023310
336 0.000000 0.023310
337 0.000000 0.023310
338 0.000000 0.023310
339 0.000000 0.023310
340 0.000000 0.023310
341 0.000000 0.023310
342 0.000000 0.023310
343 0.000000 0.023310
344 0.000000 0.023310
345 0.000000 0.023310
346 0.000000 0.023310
347 0.000000 0.023310
348 0.000000 0.023310
349 0.000000 0.023310
350 0.000000 0.023310
351 0.000000 0.023310
352 0.000000 0.023310
353 0.000000 0.023310
354 0.000000 0.023310
355 0.000000 0.023310
356 0.000000 0.023310
357 0.000000 0.023310
358 0.000000 0.023310
359 0.000000 0.023310
360 0.000000 0.023310
361 0.000000 0.023310
362 0.000000 0.023310
363 0.000000 0.023310
364 0.000000 0.023310
365 0.000000 0.023310
366 0.000000 0.023310
367 0.000000 0.023310
368 0.000000 0.023310
369 0.000000 0.023310
370 0.000000 0.023310
371 0.000000 0.023310
372 0.000000 0.023310
373 0.000000 0.023310
374 0.000000 0.023310
375 0.000000 0.023310
376 0.000000 0.023310
377 0.000000 0.023310
378 0.000000 0.023310
379 0.000000 0.023310
380 0.000000 0.023310
381 0.000000 0.023310
382 0.000000 0.023310
383 0.000000 0.023310
384 0.000000 0.023310
385 0.000000 0.023310
386 0.000000 0.023310
387 0.000000 0.023310
388 0.000000 0.023310
389 0.000000 0.023310
390 0.000000 0.023310
391 0.000000 0.023310
392 0.000000 0.023310
393 0.000000 0.023310
394 0.000000 0.023310
395 0.000000 0.023310
396 0.000000 0.023310
397 0.000000 0.023310
398 0.000000 0.023310
399 0.000000 0.023310
400 0.000000 0.023310
401 0.000000 0.023310
402 0.000000 0.023310
403 0.000000 0.023310
404 0.000000 0.023310
405 0.000000 0.023310
406 0.000000 0.023310
407 0.000000 0.023310
408 0.000000 0.023310
409 0.000000 0.023310
410 0.000000 0.023310
411 0.000000 0.023310
412 0.000000 0.023310
413 0.000000 0.023310
414 0.000000 0.023310
415 0.000000 0.023310
416 0.000000 0.023310
417 0.000000 0.023310
418 0.000000 0.023310
419 0.000000 0.023310
420 0.000000 0.023310
421 0.000000 0.023310
422 0.000000 0.023310
423 0.000000 0.023310
424 0.000000 0.023310
425 0.000000 0.023310
426 0.000000 0.023310
427 0.000000 0.023310
428 0.000000 0.023310
429 0.000000 0.023310
430 0.000000 0.023310
431 0.000000 0.023310
432 0.000000 0.023310
433 0.000000 0.023310
434 0.000000 0.023310
435 0.000000 0.023310
436 0.000000 0.023310
437 0.000000 0.023310
438 0.000000 0.023310
439 0.000000 0.023310
440 0.000000 0.023310
441 0.000000 0.023310
442 0.000000 0.023310
443 0.000000 0.023310
444 0.000000 0.023310
445 0.000000 0.023310
446 0.000000 0.023310
447 0.000000 0.023310
448 0.000000 0.023310
449 0.000000 0.023310
450 0.000000 0.023310
451 0.000000 0.023310
452 0.000000 0.023310
453 0.000000 0.023310
454 0.000000 0.023310
455 0.000000 0.023310
456 0.000000 0.023310
457 0.000000 0.023310
458 0.000000 0.023310
459 0.000000 0.023310
460 0.000000 0.023310
461 0.000000 0.023310
462 0.000000 0.023310
463 0.000000 0.023310
464 0.000000 0.023310
465 0.000000 0.023310
466 0.000000 0.023310
467 0.000000 0.023310
468 0.000000 0.023310
469 0.000000 0.023310
470 0.000000 0.023310
471 0.000000 0.023310
472 0.000000 0.023310
473 0.000000 0.023310
474 0.000000 0.023310
475 0.000000 0.023310
476 0.000000 0.023310
477 0.000000 0.023310
478 0.000000 0.023310
479 0.000000 0.023310
480 0.000000 0.023310
481 0.000000 0.023310
482 0.000000 0.023310
483 0.000000 0.023310
484 0.000000 0.023310
485 0.000000 0.023310
486 0.000000 0.023310
487 0.000000 0.023310
488 0.000000 0.023310
489 0.000000 0.023310
490 0.000000 0.023310
491 0.000000 0.023310
492 0.000000 0.023310
493 0.000000 0.023310
494 0.000000 0.023310
495 0.000000 0.023310
496 0.000000 0.023310
497 0.000000 0.023310
498 0.000000 0.023310
499 0.000000 0.023310
500 0.000000 0.023310

Optimization finished.
()))()(())((() Prediction: 0.000000, Output: 0.000000
((()(()())))() Prediction: 1.000000, Output: 1.000000
()(())(())(()) Prediction: 0.000000, Output: 1.000000
))(((()))))((( Prediction: 0.000000, Output: 0.000000
(())()()))()(( Prediction: 0.000000, Output: 0.000000
())))))()((((( Prediction: 0.000000, Output: 0.000000
(()))(()()(()) Prediction: 0.000000, Output: 0.000000
)))()(()(())(( Prediction: 0.000000, Output: 0.000000
((()))(()())() Prediction: 1.000000, Output: 1.000000
)))(((()(()))( Prediction: 0.000000, Output: 0.000000
()()))()(()(() Prediction: 0.000000, Output: 0.000000
(()((())))()() Prediction: 1.000000, Output: 1.000000
)))()(()((()() Prediction: 0.000000, Output: 0.000000
)((()))()()(() Prediction: 0.000000, Output: 0.000000
)()()()()(()() Prediction: 0.000000, Output: 0.000000
)()(())()(())( Prediction: 0.000000, Output: 0.000000
)(())((()()()) Prediction: 0.000000, Output: 0.000000
)((()))()(()() Prediction: 0.000000, Output: 0.000000
()(()(())))()( Prediction: 0.000000, Output: 0.000000
)(((()))()))(( Prediction: 0.000000, Output: 0.000000
)()(((()(()))) Prediction: 0.000000, Output: 0.000000
)())()))(((()( Prediction: 0.000000, Output: 0.000000
()(()()()()))( Prediction: 0.000000, Output: 0.000000
)(((()))(()()) Prediction: 0.000000, Output: 0.000000
)))((()(()())( Prediction: 0.000000, Output: 0.000000
)()()())())((( Prediction: 0.000000, Output: 0.000000
))(()()())(()( Prediction: 0.000000, Output: 0.000000
)))((()()(())( Prediction: 0.000000, Output: 0.000000
)()()(((())))( Prediction: 0.000000, Output: 0.000000
(()()))()(()() Prediction: 0.000000, Output: 0.000000
((())))()))((( Prediction: 0.000000, Output: 0.000000
))(())()(()()( Prediction: 0.000000, Output: 0.000000
)))())(((()(() Prediction: 0.000000, Output: 0.000000
()(((()))())() Prediction: 1.000000, Output: 1.000000
((())))))(()(( Prediction: 0.000000, Output: 0.000000
)(()()()()(()) Prediction: 0.000000, Output: 0.000000
())())()()(()( Prediction: 0.000000, Output: 0.000000
))())(((()(()) Prediction: 0.000000, Output: 0.000000
))(((()(())))( Prediction: 0.000000, Output: 0.000000
()()()()())(() Prediction: 0.000000, Output: 0.000000
((()(())))))(( Prediction: 0.000000, Output: 0.000000
()((()()(()))) Prediction: 1.000000, Output: 1.000000
()))))(())(((( Prediction: 0.000000, Output: 0.000000
))(((())()())( Prediction: 0.000000, Output: 0.000000
(()))((())(()) Prediction: 0.000000, Output: 0.000000
(()))((()())() Prediction: 0.000000, Output: 0.000000
)())()((()()() Prediction: 0.000000, Output: 0.000000
(()))))(()((() Prediction: 0.000000, Output: 0.000000
(())((())()()) Prediction: 1.000000, Output: 1.000000
()))(((()))(() Prediction: 0.000000, Output: 0.000000
)(()()))(()(() Prediction: 0.000000, Output: 0.000000
(())()()))(()( Prediction: 0.000000, Output: 0.000000
(()()()())())( Prediction: 0.000000, Output: 0.000000
))))((()()()(( Prediction: 0.000000, Output: 0.000000
(()()))((()))( Prediction: 0.000000, Output: 0.000000
))))((((())(() Prediction: 0.000000, Output: 0.000000
))(((((()))))( Prediction: 0.000000, Output: 0.000000
)(()))))((((() Prediction: 0.000000, Output: 0.000000
)))(()))((((() Prediction: 0.000000, Output: 0.000000
(()((((()))))) Prediction: 1.000000, Output: 1.000000
()()()()(()()) Prediction: 1.000000, Output: 1.000000
)()()((()))()( Prediction: 0.000000, Output: 0.000000
))(()()()())(( Prediction: 0.000000, Output: 0.000000
()()))(()))((( Prediction: 0.000000, Output: 0.000000
()())(()()()() Prediction: 0.000000, Output: 0.000000
(((()))))))((( Prediction: 0.000000, Output: 0.000000
)())(()()))((( Prediction: 0.000000, Output: 0.000000
((()())(())))( Prediction: 0.000000, Output: 0.000000
))()()))((((() Prediction: 0.000000, Output: 0.000000
())(()((()))() Prediction: 0.000000, Output: 0.000000
())()(()())(() Prediction: 0.000000, Output: 0.000000
))()(((((()))) Prediction: 0.000000, Output: 0.000000
)()(()())(())( Prediction: 0.000000, Output: 0.000000
())))(()(()()( Prediction: 0.000000, Output: 0.000000
()(()())(()))( Prediction: 0.000000, Output: 0.000000
())(())())(()( Prediction: 0.000000, Output: 0.000000
)(((()(()))()) Prediction: 0.000000, Output: 0.000000
(()()))((()()) Prediction: 0.000000, Output: 0.000000
)))((()())()(( Prediction: 0.000000, Output: 0.000000
)()((()))(()() Prediction: 0.000000, Output: 0.000000
())))((((()))( Prediction: 0.000000, Output: 0.000000
(())(()()()()) Prediction: 1.000000, Output: 1.000000
())())((()()() Prediction: 0.000000, Output: 0.000000
(()()(()))))(( Prediction: 0.000000, Output: 0.000000
)))(()((())(() Prediction: 0.000000, Output: 0.000000
((())))(()(()) Prediction: 1.000000, Output: 0.000000
()(())()()())( Prediction: 0.000000, Output: 0.000000
))()()(((())() Prediction: 0.000000, Output: 0.000000
)((()(())()))( Prediction: 0.000000, Output: 0.000000
(()))()())()(( Prediction: 0.000000, Output: 0.000000
())()((()())() Prediction: 0.000000, Output: 0.000000
)())((())()()( Prediction: 0.000000, Output: 0.000000
()())(((()())) Prediction: 0.000000, Output: 0.000000
)()(()()()))(( Prediction: 0.000000, Output: 0.000000
)(()()())(())( Prediction: 0.000000, Output: 0.000000
()()((())())() Prediction: 1.000000, Output: 1.000000
((())())()(()) Prediction: 1.000000, Output: 1.000000
))(()(()()()() Prediction: 0.000000, Output: 0.000000
)(((())((()))) Prediction: 0.000000, Output: 0.000000
)(())((()()))( Prediction: 0.000000, Output: 0.000000
(()))()(()()() Prediction: 0.000000, Output: 0.000000
(((())))(()()) Prediction: 1.000000, Output: 1.000000
)())(()))(()(( Prediction: 0.000000, Output: 0.000000
()())(((()))() Prediction: 0.000000, Output: 0.000000
()))(()()())(( Prediction: 0.000000, Output: 0.000000
()((()()))())( Prediction: 0.000000, Output: 0.000000
)()(((()()())) Prediction: 0.000000, Output: 0.000000
(())))(((()))( Prediction: 0.000000, Output: 0.000000
))))((()))(((( Prediction: 0.000000, Output: 0.000000
)(())))()(((() Prediction: 0.000000, Output: 0.000000
)()())((()()() Prediction: 0.000000, Output: 0.000000
()((((()))))() Prediction: 1.000000, Output: 1.000000
((())())))(()( Prediction: 0.000000, Output: 0.000000
())))((()())(( Prediction: 0.000000, Output: 0.000000
(((()(()())))) Prediction: 1.000000, Output: 1.000000
)((()()()))()( Prediction: 0.000000, Output: 0.000000
))))(((((()()) Prediction: 0.000000, Output: 0.000000
)(())()(())()( Prediction: 0.000000, Output: 0.000000
))()((()(()))( Prediction: 0.000000, Output: 0.000000
)())))((((()() Prediction: 0.000000, Output: 0.000000
(())((())))(() Prediction: 0.000000, Output: 0.000000
()))(()())()(( Prediction: 0.000000, Output: 0.000000
)(())()(((())) Prediction: 0.000000, Output: 0.000000
))(())(()(()() Prediction: 0.000000, Output: 0.000000
()()())(()))(( Prediction: 0.000000, Output: 0.000000
)()))()(())((( Prediction: 0.000000, Output: 0.000000
)))()))((()((( Prediction: 0.000000, Output: 0.000000
()())(()()())( Prediction: 0.000000, Output: 0.000000
)())((()))((() Prediction: 0.000000, Output: 0.000000
)(())(()()()() Prediction: 0.000000, Output: 0.000000
)))((())()((() Prediction: 0.000000, Output: 0.000000
())()())((())( Prediction: 0.000000, Output: 0.000000
)(())((()())() Prediction: 0.000000, Output: 0.000000
)((())())())(( Prediction: 0.000000, Output: 0.000000
)(()(()()()))( Prediction: 0.000000, Output: 0.000000
)()()(())()(() Prediction: 0.000000, Output: 0.000000
))()((())()()( Prediction: 0.000000, Output: 0.000000
)(()((((())))) Prediction: 0.000000, Output: 0.000000
()()(()))((()) Prediction: 0.000000, Output: 0.000000
())))(())(((() Prediction: 0.000000, Output: 0.000000
((()())())(()) Prediction: 1.000000, Output: 1.000000
()(()))))()((( Prediction: 0.000000, Output: 0.000000
(())(((()))))( Prediction: 0.000000, Output: 0.000000
())(()))()(()( Prediction: 0.000000, Output: 0.000000
())))(()()(()( Prediction: 0.000000, Output: 0.000000
)())(())())((( Prediction: 0.000000, Output: 0.000000
()(()(())())() Prediction: 1.000000, Output: 1.000000
)()())()(((()) Prediction: 0.000000, Output: 0.000000
))))(((()()()( Prediction: 0.000000, Output: 0.000000
((((()))))))(( Prediction: 0.000000, Output: 0.000000
)))(((()())()( Prediction: 0.000000, Output: 0.000000
)((((())())))( Prediction: 0.000000, Output: 0.000000
(((()())()())) Prediction: 1.000000, Output: 1.000000
)()()()(()(()) Prediction: 0.000000, Output: 0.000000
()(())()))(()( Prediction: 0.000000, Output: 0.000000
((()))((())()) Prediction: 1.000000, Output: 1.000000
())()(()()()() Prediction: 0.000000, Output: 0.000000
)((((()()))))( Prediction: 0.000000, Output: 0.000000
)))))(()((((() Prediction: 0.000000, Output: 0.000000
))((()(()))(() Prediction: 0.000000, Output: 0.000000
()(((()))))()( Prediction: 0.000000, Output: 0.000000
()()()(()))()( Prediction: 0.000000, Output: 0.000000
((())))((()()) Prediction: 1.000000, Output: 0.000000
(((()()))()()) Prediction: 1.000000, Output: 1.000000
)(()((()))))(( Prediction: 0.000000, Output: 0.000000
))(()((())(()) Prediction: 0.000000, Output: 0.000000
)(()(())())()( Prediction: 0.000000, Output: 0.000000
(())()))(())(( Prediction: 0.000000, Output: 0.000000
))())((())((() Prediction: 0.000000, Output: 0.000000
()((()())()))( Prediction: 0.000000, Output: 0.000000
)))(((()))((() Prediction: 0.000000, Output: 0.000000
(()())(())())( Prediction: 0.000000, Output: 0.000000
(()())())((()) Prediction: 0.000000, Output: 0.000000
((((()))()())) Prediction: 1.000000, Output: 1.000000
)()()))((((()) Prediction: 0.000000, Output: 0.000000
)(()))()()(()( Prediction: 0.000000, Output: 0.000000
)())()())((()( Prediction: 0.000000, Output: 0.000000
(()())(())))(( Prediction: 0.000000, Output: 0.000000
()()()()(()))( Prediction: 0.000000, Output: 0.000000
((())())())(() Prediction: 0.000000, Output: 0.000000
())((((())))() Prediction: 0.000000, Output: 0.000000
(((()))()())() Prediction: 1.000000, Output: 1.000000
(()())()()))(( Prediction: 0.000000, Output: 0.000000
((()))))()(()( Prediction: 0.000000, Output: 0.000000
(())))()()()(( Prediction: 0.000000, Output: 0.000000
(()((())()())) Prediction: 1.000000, Output: 1.000000
())(()(())(()) Prediction: 0.000000, Output: 0.000000
(()))())(((()) Prediction: 0.000000, Output: 0.000000
()))()))(((()( Prediction: 0.000000, Output: 0.000000
(()((()()()))) Prediction: 1.000000, Output: 1.000000
)())))()(()((( Prediction: 0.000000, Output: 0.000000
()(()))((()()) Prediction: 1.000000, Output: 0.000000
((()))))(()()( Prediction: 0.000000, Output: 0.000000
((()())))()(() Prediction: 0.000000, Output: 0.000000
()((((()())))) Prediction: 1.000000, Output: 1.000000
()()))))()(((( Prediction: 0.000000, Output: 0.000000
)()()(())()()( Prediction: 0.000000, Output: 0.000000
((()))(()))()( Prediction: 0.000000, Output: 0.000000
))()()(((()()) Prediction: 0.000000, Output: 0.000000
(()))()))(()(( Prediction: 0.000000, Output: 0.000000
)(()()))()((() Prediction: 0.000000, Output: 0.000000
(()()))()()()( Prediction: 0.000000, Output: 0.000000
)(((())))()(() Prediction: 0.000000, Output: 0.000000
)((()))(()))(( Prediction: 0.000000, Output: 0.000000
)))(())(((()() Prediction: 0.000000, Output: 0.000000
(()()(())()()) Prediction: 1.000000, Output: 1.000000
)((()))((())() Prediction: 0.000000, Output: 0.000000
)((()((()()))) Prediction: 0.000000, Output: 0.000000
(((())))((())) Prediction: 1.000000, Output: 1.000000
(())(((())))() Prediction: 1.000000, Output: 1.000000
()()()(())))(( Prediction: 0.000000, Output: 0.000000
()(())(()(())) Prediction: 1.000000, Output: 1.000000
(())()))))(((( Prediction: 0.000000, Output: 0.000000
(((()))))((()) Prediction: 1.000000, Output: 0.000000
()(()(()))()() Prediction: 1.000000, Output: 1.000000
()()))))((()(( Prediction: 0.000000, Output: 0.000000
)))((()(()()() Prediction: 0.000000, Output: 0.000000
())((()()())() Prediction: 0.000000, Output: 0.000000
())())(())((() Prediction: 0.000000, Output: 0.000000
(()(())(()))() Prediction: 1.000000, Output: 1.000000
()()()())(())( Prediction: 0.000000, Output: 0.000000
())))(()((())( Prediction: 0.000000, Output: 0.000000
))()()()()((() Prediction: 0.000000, Output: 0.000000
(())()()())(() Prediction: 0.000000, Output: 0.000000
)())()()((())( Prediction: 0.000000, Output: 0.000000
)))((((((()))) Prediction: 0.000000, Output: 0.000000
)()(((())(())) Prediction: 0.000000, Output: 0.000000
(()))()((()))( Prediction: 0.000000, Output: 0.000000
()((()))()(()) Prediction: 1.000000, Output: 1.000000
)(())(()))((() Prediction: 0.000000, Output: 0.000000
)(())(((())))( Prediction: 0.000000, Output: 0.000000
))))())(((()(( Prediction: 0.000000, Output: 0.000000
()((()))())(() Prediction: 0.000000, Output: 0.000000
(())(()(())()) Prediction: 1.000000, Output: 1.000000
))((()()(()))( Prediction: 0.000000, Output: 0.000000
))()(())((())( Prediction: 0.000000, Output: 0.000000
(()))))((()()( Prediction: 0.000000, Output: 0.000000
)))(())()(()(( Prediction: 0.000000, Output: 0.000000
(())()(((()))) Prediction: 1.000000, Output: 1.000000
))((()())()()( Prediction: 0.000000, Output: 0.000000
))())()(()()(( Prediction: 0.000000, Output: 0.000000
))())()((())(( Prediction: 0.000000, Output: 0.000000
)))(((((())()) Prediction: 0.000000, Output: 0.000000
)()(()()())(() Prediction: 0.000000, Output: 0.000000
)()((())))((() Prediction: 0.000000, Output: 0.000000
(((((())))())) Prediction: 1.000000, Output: 1.000000
()())()()())(( Prediction: 0.000000, Output: 0.000000
()()(()))))((( Prediction: 0.000000, Output: 0.000000
))))())(()(((( Prediction: 0.000000, Output: 0.000000
)(((()())(())) Prediction: 0.000000, Output: 0.000000
())()()((())() Prediction: 0.000000, Output: 0.000000
((()((()))())) Prediction: 1.000000, Output: 1.000000
))))(()((()(() Prediction: 0.000000, Output: 0.000000
(()()()(()))() Prediction: 1.000000, Output: 1.000000
))((()))()()(( Prediction: 0.000000, Output: 0.000000
)(((())))(())( Prediction: 0.000000, Output: 0.000000
)()()))()(()(( Prediction: 0.000000, Output: 0.000000
)())(()(())()( Prediction: 0.000000, Output: 0.000000
)(()((()())))( Prediction: 0.000000, Output: 0.000000
())((()))((()) Prediction: 0.000000, Output: 0.000000
))())(()((())( Prediction: 0.000000, Output: 0.000000
)()(()()()(()) Prediction: 0.000000, Output: 0.000000
)))(())((((()) Prediction: 0.000000, Output: 0.000000
))(()()()()()( Prediction: 0.000000, Output: 0.000000
(())()((())))( Prediction: 0.000000, Output: 0.000000
((())))(((())) Prediction: 1.000000, Output: 0.000000
()))(()())((() Prediction: 0.000000, Output: 0.000000
((()))())())(( Prediction: 0.000000, Output: 0.000000
())(())()())(( Prediction: 0.000000, Output: 0.000000
))(()()(())(() Prediction: 0.000000, Output: 0.000000
())))()()(()(( Prediction: 0.000000, Output: 0.000000
)()()()(())(() Prediction: 0.000000, Output: 0.000000
)()))()((((()) Prediction: 0.000000, Output: 0.000000
())((())())()( Prediction: 0.000000, Output: 0.000000
(()(()())(())) Prediction: 1.000000, Output: 1.000000
)))()()(())((( Prediction: 0.000000, Output: 0.000000
()(()()))()(() Prediction: 0.000000, Output: 0.000000
))()(()((()))( Prediction: 0.000000, Output: 0.000000
)())()((()())( Prediction: 0.000000, Output: 0.000000
()))())(())((( Prediction: 0.000000, Output: 0.000000
()))(())(()()( Prediction: 0.000000, Output: 0.000000
)((())()((())) Prediction: 0.000000, Output: 0.000000
)))()()()(((() Prediction: 0.000000, Output: 0.000000
)()(()((())()) Prediction: 0.000000, Output: 0.000000
(()())((()))() Prediction: 1.000000, Output: 1.000000
()()))((())(() Prediction: 0.000000, Output: 0.000000
())(()())(()() Prediction: 0.000000, Output: 0.000000
)))(()))()(((( Prediction: 0.000000, Output: 0.000000
)))(((((())))( Prediction: 0.000000, Output: 0.000000
((())(()))()() Prediction: 1.000000, Output: 1.000000
)())))()(((()( Prediction: 0.000000, Output: 0.000000
)())()))((((() Prediction: 0.000000, Output: 0.000000
()())))))((((( Prediction: 0.000000, Output: 0.000000
()))(((()())() Prediction: 0.000000, Output: 0.000000
)()((()()(())) Prediction: 0.000000, Output: 0.000000
)()()(()(())() Prediction: 0.000000, Output: 0.000000
))))(()(((())( Prediction: 0.000000, Output: 0.000000
)(((()((())))) Prediction: 0.000000, Output: 0.000000
)()))((()()(() Prediction: 0.000000, Output: 0.000000
)))((((()))()( Prediction: 0.000000, Output: 0.000000
()()(()((()))) Prediction: 1.000000, Output: 1.000000
())())()((())( Prediction: 0.000000, Output: 0.000000
))())((((())() Prediction: 0.000000, Output: 0.000000
))()())((()(() Prediction: 0.000000, Output: 0.000000
(()()()()))(() Prediction: 0.000000, Output: 0.000000
)()(())(())(() Prediction: 0.000000, Output: 0.000000
)()(((()())))( Prediction: 0.000000, Output: 0.000000
)(((()(()))))( Prediction: 0.000000, Output: 0.000000
()))()()((())( Prediction: 0.000000, Output: 0.000000
()()(()()(())) Prediction: 1.000000, Output: 1.000000
)))()()))((((( Prediction: 0.000000, Output: 0.000000
))()))((((()() Prediction: 0.000000, Output: 0.000000
(()()()())(()) Prediction: 1.000000, Output: 1.000000
))((()))((()() Prediction: 0.000000, Output: 0.000000
()(()))()())(( Prediction: 0.000000, Output: 0.000000
()))()(())(()( Prediction: 0.000000, Output: 0.000000
()(()))(()))(( Prediction: 0.000000, Output: 0.000000
)(((())()())() Prediction: 0.000000, Output: 0.000000
))))()(()((()( Prediction: 0.000000, Output: 0.000000
((((())))(())) Prediction: 1.000000, Output: 1.000000
)(())()()((()) Prediction: 0.000000, Output: 0.000000
)(())()(()()() Prediction: 0.000000, Output: 0.000000
)()(()((()())) Prediction: 0.000000, Output: 0.000000
(()))(())())(( Prediction: 0.000000, Output: 0.000000
))(((())(())() Prediction: 0.000000, Output: 0.000000
)(((())()))()( Prediction: 0.000000, Output: 0.000000
))((()))()(()( Prediction: 0.000000, Output: 0.000000
((()())()()))( Prediction: 0.000000, Output: 0.000000
()(()(((())))) Prediction: 1.000000, Output: 1.000000
))))()((()()(( Prediction: 0.000000, Output: 0.000000
)()())(((())() Prediction: 0.000000, Output: 0.000000
()())()()()()( Prediction: 0.000000, Output: 0.000000
()()(()))())(( Prediction: 0.000000, Output: 0.000000
)((()()))()(() Prediction: 0.000000, Output: 0.000000
))))()((())((( Prediction: 0.000000, Output: 0.000000
(((()())(()))) Prediction: 1.000000, Output: 1.000000
))()()()(()()( Prediction: 0.000000, Output: 0.000000
)())()(((())() Prediction: 0.000000, Output: 0.000000
(()()()))()()( Prediction: 0.000000, Output: 0.000000
))((())(()(()) Prediction: 0.000000, Output: 0.000000
)((((())(()))) Prediction: 0.000000, Output: 0.000000
)(()()()))()(( Prediction: 0.000000, Output: 0.000000
()()(((()))()) Prediction: 1.000000, Output: 1.000000
(()))))((()(() Prediction: 0.000000, Output: 0.000000
)))((((()())() Prediction: 0.000000, Output: 0.000000
))()(())()()(( Prediction: 0.000000, Output: 0.000000
())(()))(((()) Prediction: 0.000000, Output: 0.000000
))())(((()()() Prediction: 0.000000, Output: 0.000000
)())())(((())( Prediction: 0.000000, Output: 0.000000
(((())()))))(( Prediction: 0.000000, Output: 0.000000
()()())())()(( Prediction: 0.000000, Output: 0.000000
())(()())()()( Prediction: 0.000000, Output: 0.000000
())))()())(((( Prediction: 0.000000, Output: 0.000000
())()())(((()) Prediction: 0.000000, Output: 0.000000
((()((())))))( Prediction: 0.000000, Output: 0.000000
()(())(()))()( Prediction: 0.000000, Output: 0.000000
(())()()()()() Prediction: 0.000000, Output: 1.000000
())(()())))((( Prediction: 0.000000, Output: 0.000000
)(())(())()(() Prediction: 0.000000, Output: 0.000000
)))(((()(()()) Prediction: 0.000000, Output: 0.000000
()))))((()((() Prediction: 0.000000, Output: 0.000000
)()()))()((()( Prediction: 0.000000, Output: 0.000000
()))(()()(())( Prediction: 0.000000, Output: 0.000000
)((())())((()) Prediction: 0.000000, Output: 0.000000
(())()((()))() Prediction: 1.000000, Output: 1.000000
((())())((())) Prediction: 1.000000, Output: 1.000000
))(())())(((() Prediction: 0.000000, Output: 0.000000
)())((((()))() Prediction: 0.000000, Output: 0.000000
()())())))(((( Prediction: 0.000000, Output: 0.000000
(())()(())()() Prediction: 0.000000, Output: 1.000000
()())(()))(()( Prediction: 0.000000, Output: 0.000000
(()()))))()((( Prediction: 0.000000, Output: 0.000000
(())())())((() Prediction: 0.000000, Output: 0.000000
)(()(()))))((( Prediction: 0.000000, Output: 0.000000
))()((()()())( Prediction: 0.000000, Output: 0.000000
()()(())(()()) Prediction: 0.000000, Output: 1.000000
()(()))()()()( Prediction: 0.000000, Output: 0.000000
)()(()))))(((( Prediction: 0.000000, Output: 0.000000
())))(())()((( Prediction: 0.000000, Output: 0.000000
))(()()()(()() Prediction: 0.000000, Output: 0.000000
))()(((())())( Prediction: 0.000000, Output: 0.000000
)()))(()()(()( Prediction: 0.000000, Output: 0.000000
()())(()()(()) Prediction: 0.000000, Output: 0.000000
)()))(((((())) Prediction: 0.000000, Output: 0.000000
(()()()())))(( Prediction: 0.000000, Output: 0.000000
(())())((())() Prediction: 0.000000, Output: 0.000000
(((())()()())) Prediction: 1.000000, Output: 1.000000
))))((())()((( Prediction: 0.000000, Output: 0.000000
()()()(())()() Prediction: 1.000000, Output: 1.000000
)())()(()((()) Prediction: 0.000000, Output: 0.000000
())))()()()((( Prediction: 0.000000, Output: 0.000000
(((()))()()))( Prediction: 0.000000, Output: 0.000000
)()()())((()() Prediction: 0.000000, Output: 0.000000
(((()())))())( Prediction: 0.000000, Output: 0.000000
)()))()(()()(( Prediction: 0.000000, Output: 0.000000
)())(((())()() Prediction: 0.000000, Output: 0.000000
())))((()(()() Prediction: 0.000000, Output: 0.000000
)()((()())()() Prediction: 0.000000, Output: 0.000000
)))(()(((())() Prediction: 0.000000, Output: 0.000000
(()))((()()()) Prediction: 0.000000, Output: 0.000000
)))(((((()))() Prediction: 0.000000, Output: 0.000000
((()))()((())) Prediction: 1.000000, Output: 1.000000
)()))((()((()) Prediction: 0.000000, Output: 0.000000
))))((((())()( Prediction: 0.000000, Output: 0.000000
)()(()()((())) Prediction: 0.000000, Output: 0.000000
())())(()()()( Prediction: 0.000000, Output: 0.000000
(((()))(()))() Prediction: 1.000000, Output: 1.000000
)(()()(()))()( Prediction: 0.000000, Output: 0.000000
))(((()(()))() Prediction: 0.000000, Output: 0.000000
()(()()))(()() Prediction: 0.000000, Output: 0.000000
))(())(()(())( Prediction: 0.000000, Output: 0.000000
))(((())())()( Prediction: 0.000000, Output: 0.000000
)(())))(())((( Prediction: 0.000000, Output: 0.000000
((())))()(())( Prediction: 0.000000, Output: 0.000000
((()()(())())) Prediction: 1.000000, Output: 1.000000
))))((()()(()( Prediction: 0.000000, Output: 0.000000
()()()())()()( Prediction: 0.000000, Output: 0.000000
)()((()(())()) Prediction: 0.000000, Output: 0.000000
)(())))((()()( Prediction: 0.000000, Output: 0.000000
()(()())(()()) Prediction: 1.000000, Output: 1.000000
()()(())()(()) Prediction: 0.000000, Output: 1.000000
)()(()))((())( Prediction: 0.000000, Output: 0.000000
)(())())()()(( Prediction: 0.000000, Output: 0.000000
(()())(()))(() Prediction: 0.000000, Output: 0.000000
(()))((()))(() Prediction: 0.000000, Output: 0.000000
((()()))()())( Prediction: 0.000000, Output: 0.000000
())()(()(()))( Prediction: 0.000000, Output: 0.000000
())((())(()))( Prediction: 0.000000, Output: 0.000000
))()())()(()(( Prediction: 0.000000, Output: 0.000000
Final MSE on dataset: 0.003330
